0,1
cutoff-3.9.1,1ffe09506f70be4dcd98071865e8a549
cutoff-3.9.1,1ffe09506f70be4dcd98071865e8a549
cutoff-3.9.1,1ffe09506f70be4dcd98071865e8a549
cutoff-3.9.1,1ffe09506f70be4dcd98071865e8a549
cutoff-3.9.1,1ffe09506f70be4dcd98071865e8a549
cutoff-3.9.1,5cb69853f15e2cf372fcf87080a69dac
cutoff-3.9.1,5cb69853f15e2cf372fcf87080a69dac
cutoff-3.9.1,5cb69853f15e2cf372fcf87080a69dac
cutoff-3.9.1,5cb69853f15e2cf372fcf87080a69dac
cutoff-3.9.1,5cb69853f15e2cf372fcf87080a69dac
cutoff-3.9.1,5cb69853f15e2cf372fcf87080a69dac
cutoff-3.9.1,5cb69853f15e2cf372fcf87080a69dac
cutoff-3.9.1,5cb69853f15e2cf372fcf87080a69dac
cutoff-3.9.1,5cb69853f15e2cf372fcf87080a69dac
cutoff-3.9.1,5cb69853f15e2cf372fcf87080a69dac
cutoff-3.9.1,5cb69853f15e2cf372fcf87080a69dac
cutoff-3.9.1,5cb69853f15e2cf372fcf87080a69dac
cutoff-3.9.1,5cb69853f15e2cf372fcf87080a69dac
cutoff-3.9.1,5cb69853f15e2cf372fcf87080a69dac
cutoff-3.9.1,5cb69853f15e2cf372fcf87080a69dac
cutoff-3.9.1,5cb69853f15e2cf372fcf87080a69dac
cutoff-3.9.1,5cb69853f15e2cf372fcf87080a69dac
cutoff-3.9.1,5cb69853f15e2cf372fcf87080a69dac
cutoff-3.9.1,5cb69853f15e2cf372fcf87080a69dac
cutoff-3.9.1,5cb69853f15e2cf372fcf87080a69dac
cutoff-3.9.1,d2cf377db3ed6bbbe4ea357e2d2def51
cutoff-3.9.1,d2cf377db3ed6bbbe4ea357e2d2def51
cutoff-3.9.1,6f62652ec33ef049081d838e0f7d9255
cutoff-3.9.1,6f62652ec33ef049081d838e0f7d9255
cutoff-3.9.1,6f62652ec33ef049081d838e0f7d9255
cutoff-3.9.1,6f62652ec33ef049081d838e0f7d9255
cutoff-3.9.1,6f62652ec33ef049081d838e0f7d9255
cutoff-3.9.1,6f62652ec33ef049081d838e0f7d9255
cutoff-3.9.1,37b5e0e6258403a9cf1878d298a4ef87
cutoff-3.9.1,37b5e0e6258403a9cf1878d298a4ef87
cutoff-3.9.1,37b5e0e6258403a9cf1878d298a4ef87
cutoff-3.9.1,37b5e0e6258403a9cf1878d298a4ef87
cutoff-3.9.1,37b5e0e6258403a9cf1878d298a4ef87
cutoff-3.9.1,3f14d73766e32f808ed54e8b8cbb5def
cutoff-3.9.1,3f14d73766e32f808ed54e8b8cbb5def
cutoff-3.9.1,2df74714a5a7c8cc88d704fee4a848dd
cutoff-3.9.1,2df74714a5a7c8cc88d704fee4a848dd
cutoff-3.9.1,2df74714a5a7c8cc88d704fee4a848dd
cutoff-3.9.1,2df74714a5a7c8cc88d704fee4a848dd
cutoff-3.9.1,2df74714a5a7c8cc88d704fee4a848dd
cutoff-3.9.1,2df74714a5a7c8cc88d704fee4a848dd
cutoff-3.9.1,2df74714a5a7c8cc88d704fee4a848dd
cutoff-3.9.1,b07ec2f6a01139d4233f0b29090538e9
cutoff-3.9.1,b07ec2f6a01139d4233f0b29090538e9
cutoff-3.9.1,fb7307ef743ddfc993b19f78ce16a0f2
cutoff-3.9.1,fb7307ef743ddfc993b19f78ce16a0f2
cutoff-3.9.1,fb7307ef743ddfc993b19f78ce16a0f2
cutoff-3.9.1,fb7307ef743ddfc993b19f78ce16a0f2
cutoff-3.9.1,c92fed50fe0ad45f6f8d88f406a0c1a9
cutoff-3.9.1,c92fed50fe0ad45f6f8d88f406a0c1a9
cutoff-3.9.1,c92fed50fe0ad45f6f8d88f406a0c1a9
cutoff-3.9.1,c92fed50fe0ad45f6f8d88f406a0c1a9
cutoff-3.9.1,c92fed50fe0ad45f6f8d88f406a0c1a9
cutoff-3.9.1,c92fed50fe0ad45f6f8d88f406a0c1a9
cutoff-3.9.1,c92fed50fe0ad45f6f8d88f406a0c1a9
cutoff-3.9.1,c92fed50fe0ad45f6f8d88f406a0c1a9
cutoff-3.9.1,402b722aa4a63d94ac64b2ea9e9e1054
cutoff-3.9.1,402b722aa4a63d94ac64b2ea9e9e1054
cutoff-3.9.1,402b722aa4a63d94ac64b2ea9e9e1054
cutoff-3.9.1,402b722aa4a63d94ac64b2ea9e9e1054
cutoff-3.9.1,402b722aa4a63d94ac64b2ea9e9e1054
cutoff-3.9.1,38bf19c9c5f3abbf3cfbf26ffb77fe49
cutoff-3.9.1,38bf19c9c5f3abbf3cfbf26ffb77fe49
cutoff-3.9.1,38bf19c9c5f3abbf3cfbf26ffb77fe49
cutoff-3.9.1,38bf19c9c5f3abbf3cfbf26ffb77fe49
cutoff-3.9.1,38bf19c9c5f3abbf3cfbf26ffb77fe49
cutoff-3.9.1,1b83c7f615a550ec01fedaf0debc37f2
cutoff-3.9.1,1b83c7f615a550ec01fedaf0debc37f2
cutoff-3.9.1,0cd20fe6061c81eb5529d215fda879cb
cutoff-3.9.1,0cd20fe6061c81eb5529d215fda879cb
cutoff-3.9.1,0cd20fe6061c81eb5529d215fda879cb
cutoff-3.9.1,0cd20fe6061c81eb5529d215fda879cb
cutoff-3.9.1,0cd20fe6061c81eb5529d215fda879cb
cutoff-3.9.1,0cd20fe6061c81eb5529d215fda879cb
cutoff-3.9.1,0cd20fe6061c81eb5529d215fda879cb
cutoff-3.9.1,0cd20fe6061c81eb5529d215fda879cb
cutoff-3.9.1,0cd20fe6061c81eb5529d215fda879cb
cutoff-3.9.1,0cd20fe6061c81eb5529d215fda879cb
cutoff-3.9.1,0cd20fe6061c81eb5529d215fda879cb
cutoff-3.9.1,74a217cef50c461062c4e07de29e09ce
cutoff-3.9.1,74a217cef50c461062c4e07de29e09ce
cutoff-3.9.1,8d061c560deca234d1739fed99506a5a
cutoff-3.9.1,8d061c560deca234d1739fed99506a5a
cutoff-3.9.1,8d061c560deca234d1739fed99506a5a
cutoff-3.9.1,8d061c560deca234d1739fed99506a5a
cutoff-3.9.1,8d061c560deca234d1739fed99506a5a
cutoff-3.9.1,9544ea0351c962d1925ecface8bd3c93
cutoff-3.9.1,9544ea0351c962d1925ecface8bd3c93
cutoff-3.9.1,fd61d919330074150bb28d9f97360994
cutoff-3.9.1,fd61d919330074150bb28d9f97360994
cutoff-3.9.1,fd61d919330074150bb28d9f97360994
cutoff-3.9.1,fd61d919330074150bb28d9f97360994
cutoff-3.9.1,fd61d919330074150bb28d9f97360994
cutoff-3.9.1,b19ef859637e81bacd559b636cba136e
cutoff-3.9.1,b19ef859637e81bacd559b636cba136e
cutoff-3.9.1,b19ef859637e81bacd559b636cba136e
cutoff-3.9.1,b19ef859637e81bacd559b636cba136e
cutoff-3.9.1,b19ef859637e81bacd559b636cba136e
cutoff-3.9.1,35e98be47245cf238c9158ecdf8e0563
cutoff-3.9.1,35e98be47245cf238c9158ecdf8e0563
cutoff-3.9.1,35e98be47245cf238c9158ecdf8e0563
cutoff-3.9.1,35e98be47245cf238c9158ecdf8e0563
cutoff-3.9.1,35e98be47245cf238c9158ecdf8e0563
cutoff-3.9.1,35e98be47245cf238c9158ecdf8e0563
cutoff-3.9.1,35e98be47245cf238c9158ecdf8e0563
cutoff-3.9.1,35e98be47245cf238c9158ecdf8e0563
cutoff-3.9.1,35e98be47245cf238c9158ecdf8e0563
cutoff-3.9.1,35e98be47245cf238c9158ecdf8e0563
cutoff-3.9.1,35e98be47245cf238c9158ecdf8e0563
cutoff-3.9.1,35e98be47245cf238c9158ecdf8e0563
cutoff-3.9.1,35e98be47245cf238c9158ecdf8e0563
cutoff-3.9.1,35e98be47245cf238c9158ecdf8e0563
cutoff-3.9.1,bc4470db8b0ce7b36005b03df4608207
cutoff-3.9.1,bc4470db8b0ce7b36005b03df4608207
cutoff-3.9.1,ea7450563ffa0b4aefd0e94dffde1d90
cutoff-3.9.1,ea7450563ffa0b4aefd0e94dffde1d90
cutoff-3.9.1,ea7450563ffa0b4aefd0e94dffde1d90
cutoff-3.9.1,ea7450563ffa0b4aefd0e94dffde1d90
cutoff-3.9.1,ea7450563ffa0b4aefd0e94dffde1d90
cutoff-3.9.1,ea7450563ffa0b4aefd0e94dffde1d90
cutoff-3.9.1,52e8e5f18d0c9a247790eb293e2cb222
cutoff-3.9.1,52e8e5f18d0c9a247790eb293e2cb222
cutoff-3.9.1,4b26e51988bddd33a2e65e6e875787d5
cutoff-3.9.1,4b26e51988bddd33a2e65e6e875787d5
cutoff-3.9.1,4b26e51988bddd33a2e65e6e875787d5
cutoff-3.9.1,4b26e51988bddd33a2e65e6e875787d5
cutoff-3.9.1,4b26e51988bddd33a2e65e6e875787d5
cutoff-3.9.1,4b26e51988bddd33a2e65e6e875787d5
cutoff-3.9.1,da99dac8de0111b95eb84ef5c5ca93fb
cutoff-3.9.1,da99dac8de0111b95eb84ef5c5ca93fb
cutoff-3.9.1,4e829e5adfb7880fb326bc96f81e018f
cutoff-3.9.1,4e829e5adfb7880fb326bc96f81e018f
cutoff-3.9.1,4e829e5adfb7880fb326bc96f81e018f
cutoff-3.9.1,4e829e5adfb7880fb326bc96f81e018f
cutoff-3.9.1,4e829e5adfb7880fb326bc96f81e018f
cutoff-3.9.1,4e829e5adfb7880fb326bc96f81e018f
cutoff-3.9.1,4e829e5adfb7880fb326bc96f81e018f
cutoff-3.9.1,4e829e5adfb7880fb326bc96f81e018f
cutoff-3.9.1,4e829e5adfb7880fb326bc96f81e018f
cutoff-3.9.1,93f2cd71eea1db096c97d46e408e20c8
cutoff-3.9.1,93f2cd71eea1db096c97d46e408e20c8
cutoff-3.9.1,aaba807e9d31ca24743469863aca5899
cutoff-3.9.1,aaba807e9d31ca24743469863aca5899
cutoff-3.9.1,aaba807e9d31ca24743469863aca5899
cutoff-3.9.1,aaba807e9d31ca24743469863aca5899
cutoff-3.9.1,9eb8df36e2889e9eb6e28f63117bdcbc
cutoff-3.9.1,9eb8df36e2889e9eb6e28f63117bdcbc
cutoff-3.9.1,9eb8df36e2889e9eb6e28f63117bdcbc
cutoff-3.9.1,9eb8df36e2889e9eb6e28f63117bdcbc
cutoff-3.9.1,9eb8df36e2889e9eb6e28f63117bdcbc
cutoff-3.9.1,9aa44e95133f1a11af27f4e44792432a
cutoff-3.9.1,9aa44e95133f1a11af27f4e44792432a
cutoff-3.9.1,74825a57bdad04327eb182059528764d
cutoff-3.9.1,74825a57bdad04327eb182059528764d
cutoff-3.9.1,74825a57bdad04327eb182059528764d
cutoff-3.9.1,74825a57bdad04327eb182059528764d
cutoff-3.9.1,74825a57bdad04327eb182059528764d
cutoff-3.9.1,74825a57bdad04327eb182059528764d
cutoff-3.9.1,74825a57bdad04327eb182059528764d
cutoff-3.9.1,74825a57bdad04327eb182059528764d
cutoff-3.9.1,74825a57bdad04327eb182059528764d
cutoff-3.9.1,2997ec5cb3009726269849a5c8670da2
cutoff-3.9.1,2997ec5cb3009726269849a5c8670da2
cutoff-3.9.1,2997ec5cb3009726269849a5c8670da2
cutoff-3.9.1,2997ec5cb3009726269849a5c8670da2
cutoff-3.9.1,2997ec5cb3009726269849a5c8670da2
cutoff-3.9.1,2997ec5cb3009726269849a5c8670da2
cutoff-3.9.1,f78c2a78db02b8723f34138e384ff1c7
cutoff-3.9.1,f78c2a78db02b8723f34138e384ff1c7
cutoff-3.9.1,ab59f6e76713191c042eed53781e051e
cutoff-3.9.1,ab59f6e76713191c042eed53781e051e
cutoff-3.9.1,ab59f6e76713191c042eed53781e051e
cutoff-3.9.1,ab59f6e76713191c042eed53781e051e
cutoff-3.9.1,ab59f6e76713191c042eed53781e051e
cutoff-3.9.1,c7cf571e5175aa5d01e44a386009bcec
cutoff-3.9.1,c7cf571e5175aa5d01e44a386009bcec
cutoff-3.9.1,c7cf571e5175aa5d01e44a386009bcec
cutoff-3.9.1,c7cf571e5175aa5d01e44a386009bcec
cutoff-3.9.1,c7cf571e5175aa5d01e44a386009bcec
cutoff-3.9.1,c7cf571e5175aa5d01e44a386009bcec
cutoff-3.9.1,c7cf571e5175aa5d01e44a386009bcec
cutoff-3.9.1,c7cf571e5175aa5d01e44a386009bcec
cutoff-3.9.1,c7cf571e5175aa5d01e44a386009bcec
cutoff-3.9.1,c7cf571e5175aa5d01e44a386009bcec
cutoff-3.9.1,c7cf571e5175aa5d01e44a386009bcec
cutoff-3.9.1,c7cf571e5175aa5d01e44a386009bcec
cutoff-3.9.1,c7cf571e5175aa5d01e44a386009bcec
cutoff-3.9.1,c7cf571e5175aa5d01e44a386009bcec
cutoff-3.9.1,c7cf571e5175aa5d01e44a386009bcec
cutoff-3.9.1,c7cf571e5175aa5d01e44a386009bcec
cutoff-3.9.1,c7cf571e5175aa5d01e44a386009bcec
cutoff-3.9.1,c7cf571e5175aa5d01e44a386009bcec
cutoff-3.9.1,4c896ef1883d31053af5058006f7b458
cutoff-3.9.1,4c896ef1883d31053af5058006f7b458
cutoff-3.9.1,4c896ef1883d31053af5058006f7b458
cutoff-3.9.1,4c896ef1883d31053af5058006f7b458
cutoff-3.9.1,4c896ef1883d31053af5058006f7b458
cutoff-3.9.1,885dfa4bb8570549550cbab68295b61d
cutoff-3.9.1,885dfa4bb8570549550cbab68295b61d
cutoff-3.9.1,97abc2632b4db9a85023f0ea872287cb
cutoff-3.9.1,97abc2632b4db9a85023f0ea872287cb
cutoff-3.9.1,97abc2632b4db9a85023f0ea872287cb
cutoff-3.9.1,97abc2632b4db9a85023f0ea872287cb
cutoff-3.9.1,97abc2632b4db9a85023f0ea872287cb
cutoff-3.9.1,97abc2632b4db9a85023f0ea872287cb
cutoff-3.9.1,97abc2632b4db9a85023f0ea872287cb
cutoff-3.9.1,ef7cf35aa089822cfd7b678fa1b59af9
cutoff-3.9.1,ef7cf35aa089822cfd7b678fa1b59af9
cutoff-3.9.1,8cb04fbe92c0585c1ba999ac11e66ced
cutoff-3.9.1,8cb04fbe92c0585c1ba999ac11e66ced
cutoff-3.9.1,8cb04fbe92c0585c1ba999ac11e66ced
cutoff-3.9.1,8cb04fbe92c0585c1ba999ac11e66ced
cutoff-3.9.1,8cb04fbe92c0585c1ba999ac11e66ced
cutoff-3.9.1,8cb04fbe92c0585c1ba999ac11e66ced
cutoff-3.9.1,8cb04fbe92c0585c1ba999ac11e66ced
cutoff-3.9.1,8cb04fbe92c0585c1ba999ac11e66ced
cutoff-3.9.1,f34aade82e85a43f391148a6e91c62fe
cutoff-3.9.1,f34aade82e85a43f391148a6e91c62fe
cutoff-3.9.1,3e69ddbddebabd1c652045a6a8c9074b
cutoff-3.9.1,3e69ddbddebabd1c652045a6a8c9074b
cutoff-3.9.1,3e69ddbddebabd1c652045a6a8c9074b
cutoff-3.9.1,3e69ddbddebabd1c652045a6a8c9074b
cutoff-3.9.1,3e69ddbddebabd1c652045a6a8c9074b
cutoff-3.9.1,35f4b28d81e76ffc3b979a6bdd80d34c
cutoff-3.9.1,35f4b28d81e76ffc3b979a6bdd80d34c
cutoff-3.9.1,35f4b28d81e76ffc3b979a6bdd80d34c
cutoff-3.9.1,35f4b28d81e76ffc3b979a6bdd80d34c
cutoff-3.9.1,35f4b28d81e76ffc3b979a6bdd80d34c
cutoff-3.9.1,a6e47acb8f511c7e9df6952913f9a9ad
cutoff-3.9.1,a6e47acb8f511c7e9df6952913f9a9ad
cutoff-3.9.1,decce7ae61f05d834ff1d2ef19edd369
cutoff-3.9.1,decce7ae61f05d834ff1d2ef19edd369
cutoff-3.9.1,decce7ae61f05d834ff1d2ef19edd369
cutoff-3.9.1,decce7ae61f05d834ff1d2ef19edd369
cutoff-3.9.1,decce7ae61f05d834ff1d2ef19edd369
cutoff-3.9.1,decce7ae61f05d834ff1d2ef19edd369
cutoff-3.9.1,decce7ae61f05d834ff1d2ef19edd369
cutoff-3.9.1,decce7ae61f05d834ff1d2ef19edd369
cutoff-3.9.1,decce7ae61f05d834ff1d2ef19edd369
cutoff-3.9.1,5ec559f79782db2bfdcbcffc1e7c9966
cutoff-3.9.1,5ec559f79782db2bfdcbcffc1e7c9966
cutoff-3.9.1,5ec559f79782db2bfdcbcffc1e7c9966
cutoff-3.9.1,89a6e5cdd7ab78ed30f5876f88257424
cutoff-3.9.1,89a6e5cdd7ab78ed30f5876f88257424
cutoff-3.9.1,fb6bd9e269d3ec725a596c2d07dad42a
cutoff-3.9.1,fb6bd9e269d3ec725a596c2d07dad42a
cutoff-3.9.1,fb6bd9e269d3ec725a596c2d07dad42a
cutoff-3.9.1,fb6bd9e269d3ec725a596c2d07dad42a
cutoff-3.9.1,fb6bd9e269d3ec725a596c2d07dad42a
cutoff-3.9.1,fb6bd9e269d3ec725a596c2d07dad42a
cutoff-3.9.1,187ad56dca8970918d4b9bbbb8ffb41d
cutoff-3.9.1,187ad56dca8970918d4b9bbbb8ffb41d
cutoff-3.9.1,187ad56dca8970918d4b9bbbb8ffb41d
cutoff-3.9.1,d9ed6c3ba3395e0b256feb6ff05a9b23
cutoff-3.9.1,d9ed6c3ba3395e0b256feb6ff05a9b23
cutoff-3.9.1,d9ed6c3ba3395e0b256feb6ff05a9b23
cutoff-3.9.1,d9ed6c3ba3395e0b256feb6ff05a9b23
cutoff-3.9.1,d9ed6c3ba3395e0b256feb6ff05a9b23
cutoff-3.9.1,d9ed6c3ba3395e0b256feb6ff05a9b23
cutoff-3.9.1,d9ed6c3ba3395e0b256feb6ff05a9b23
cutoff-3.9.1,d9ed6c3ba3395e0b256feb6ff05a9b23
cutoff-3.9.1,d9ed6c3ba3395e0b256feb6ff05a9b23
cutoff-3.9.1,d9ed6c3ba3395e0b256feb6ff05a9b23
cutoff-3.9.1,d9ed6c3ba3395e0b256feb6ff05a9b23
cutoff-3.9.1,d9ed6c3ba3395e0b256feb6ff05a9b23
cutoff-3.9.1,d9ed6c3ba3395e0b256feb6ff05a9b23
cutoff-3.9.1,d9ed6c3ba3395e0b256feb6ff05a9b23
cutoff-3.9.1,d9ed6c3ba3395e0b256feb6ff05a9b23
cutoff-3.9.1,d9ed6c3ba3395e0b256feb6ff05a9b23
cutoff-3.9.1,d9ed6c3ba3395e0b256feb6ff05a9b23
cutoff-3.9.1,d9ed6c3ba3395e0b256feb6ff05a9b23
cutoff-3.9.1,d9ed6c3ba3395e0b256feb6ff05a9b23
cutoff-3.9.1,d9ed6c3ba3395e0b256feb6ff05a9b23
cutoff-3.9.1,d9ed6c3ba3395e0b256feb6ff05a9b23
cutoff-3.9.1,d9ed6c3ba3395e0b256feb6ff05a9b23
cutoff-3.9.1,d9ed6c3ba3395e0b256feb6ff05a9b23
cutoff-3.9.1,d9ed6c3ba3395e0b256feb6ff05a9b23
cutoff-3.9.1,d9ed6c3ba3395e0b256feb6ff05a9b23
cutoff-3.9.1,d9ed6c3ba3395e0b256feb6ff05a9b23
cutoff-3.9.1,aac40a7f334b4184025b6f3d49561e4d
cutoff-3.9.1,aac40a7f334b4184025b6f3d49561e4d
cutoff-3.9.1,09104d540259eadefc0c8bd781b375ae
cutoff-3.9.1,09104d540259eadefc0c8bd781b375ae
cutoff-3.9.1,09104d540259eadefc0c8bd781b375ae
cutoff-3.9.1,09104d540259eadefc0c8bd781b375ae
cutoff-3.9.1,09104d540259eadefc0c8bd781b375ae
cutoff-3.9.1,09104d540259eadefc0c8bd781b375ae
cutoff-3.9.1,09104d540259eadefc0c8bd781b375ae
cutoff-3.9.1,09104d540259eadefc0c8bd781b375ae
cutoff-3.9.1,09104d540259eadefc0c8bd781b375ae
cutoff-3.9.1,6cf339182d5803f01281f4b3fd962729
cutoff-3.9.1,6cf339182d5803f01281f4b3fd962729
cutoff-3.9.1,d3f2289e4e89dbe20caf6a048272b8d3
cutoff-3.9.1,d3f2289e4e89dbe20caf6a048272b8d3
cutoff-3.9.1,c203ae9548e01c67cfbb329c91a6c27a
cutoff-3.9.1,c203ae9548e01c67cfbb329c91a6c27a
cutoff-3.9.1,c203ae9548e01c67cfbb329c91a6c27a
cutoff-3.9.1,6287db0c56830869ff2451fb1aa0f5f3
cutoff-3.9.1,6287db0c56830869ff2451fb1aa0f5f3
cutoff-3.9.1,042d51c53bcaa1b78b70cbb4c6e46b58
cutoff-3.9.1,042d51c53bcaa1b78b70cbb4c6e46b58
cutoff-3.9.1,042d51c53bcaa1b78b70cbb4c6e46b58
cutoff-3.9.1,042d51c53bcaa1b78b70cbb4c6e46b58
cutoff-3.9.1,042d51c53bcaa1b78b70cbb4c6e46b58
cutoff-3.9.1,c880ee65ad6eb9c614323bb9b1a08a3f
cutoff-3.9.1,c880ee65ad6eb9c614323bb9b1a08a3f
cutoff-3.9.1,c880ee65ad6eb9c614323bb9b1a08a3f
cutoff-3.9.1,c880ee65ad6eb9c614323bb9b1a08a3f
cutoff-3.9.1,c880ee65ad6eb9c614323bb9b1a08a3f
cutoff-3.9.1,2b619c65c9f829867ef6690cdae73f1d
cutoff-3.9.1,2b619c65c9f829867ef6690cdae73f1d
cutoff-3.9.1,2b619c65c9f829867ef6690cdae73f1d
cutoff-3.9.1,2b619c65c9f829867ef6690cdae73f1d
cutoff-3.9.1,5e801298650ffd4c7729ba67d3baa319
cutoff-3.9.1,5e801298650ffd4c7729ba67d3baa319
cutoff-3.9.1,bf95a6612ccffd1aa5375c43f5257e3f
cutoff-3.9.1,bf95a6612ccffd1aa5375c43f5257e3f
cutoff-3.9.1,bf95a6612ccffd1aa5375c43f5257e3f
cutoff-3.9.1,bf95a6612ccffd1aa5375c43f5257e3f
cutoff-3.9.1,bf95a6612ccffd1aa5375c43f5257e3f
cutoff-3.9.1,bf95a6612ccffd1aa5375c43f5257e3f
cutoff-3.9.1,80fcca8589fedf2ca441140bb8c913e6
cutoff-3.9.1,80fcca8589fedf2ca441140bb8c913e6
cutoff-3.9.1,80fcca8589fedf2ca441140bb8c913e6
cutoff-3.9.1,80fcca8589fedf2ca441140bb8c913e6
cutoff-3.9.1,80fcca8589fedf2ca441140bb8c913e6
cutoff-3.9.1,80fcca8589fedf2ca441140bb8c913e6
cutoff-3.9.1,80fcca8589fedf2ca441140bb8c913e6
cutoff-3.9.1,80fcca8589fedf2ca441140bb8c913e6
cutoff-3.9.1,80fcca8589fedf2ca441140bb8c913e6
cutoff-3.9.1,80fcca8589fedf2ca441140bb8c913e6
cutoff-3.9.1,80fcca8589fedf2ca441140bb8c913e6
cutoff-3.9.1,80fcca8589fedf2ca441140bb8c913e6
cutoff-3.9.1,80fcca8589fedf2ca441140bb8c913e6
cutoff-3.9.1,80fcca8589fedf2ca441140bb8c913e6
cutoff-3.9.1,80fcca8589fedf2ca441140bb8c913e6
cutoff-3.9.1,80fcca8589fedf2ca441140bb8c913e6
cutoff-3.9.1,0c0ffc869dd164f763377f00595eb59a
cutoff-3.9.1,0c0ffc869dd164f763377f00595eb59a
cutoff-3.9.1,d09b43e3f506a12d222e72338e7e5fb6
cutoff-3.9.1,d09b43e3f506a12d222e72338e7e5fb6
cutoff-3.9.1,5d542139f4dae4bb990a5d3c34fe5e97
cutoff-3.9.1,5d542139f4dae4bb990a5d3c34fe5e97
cutoff-3.9.1,d03c41d9cf73b33c8f3e947cb6dfb31a
cutoff-3.9.1,d03c41d9cf73b33c8f3e947cb6dfb31a
cutoff-3.9.1,d03c41d9cf73b33c8f3e947cb6dfb31a
cutoff-3.9.1,d03c41d9cf73b33c8f3e947cb6dfb31a
cutoff-3.9.1,4ac16ec591f3e163f6a4c5c3de3c15bc
cutoff-3.9.1,4ac16ec591f3e163f6a4c5c3de3c15bc
cutoff-3.9.1,4a4da2b547764d5bf24ba0532cd6159a
cutoff-3.9.1,4a4da2b547764d5bf24ba0532cd6159a
cutoff-3.9.1,4a4da2b547764d5bf24ba0532cd6159a
cutoff-3.9.1,1b9b656f67e6e4f5ae79fdb57cfd344b
cutoff-3.9.1,1b9b656f67e6e4f5ae79fdb57cfd344b
cutoff-3.9.1,74f972aa5a44a0bd0011eebb2d6dae20
cutoff-3.9.1,74f972aa5a44a0bd0011eebb2d6dae20
cutoff-3.9.1,74f972aa5a44a0bd0011eebb2d6dae20
cutoff-3.9.1,74f972aa5a44a0bd0011eebb2d6dae20
cutoff-3.9.1,74b376b5134b7ddc9107c34a7c142896
cutoff-3.9.1,74b376b5134b7ddc9107c34a7c142896
cutoff-3.9.1,74b376b5134b7ddc9107c34a7c142896
cutoff-3.9.1,a7621f8f7fa86a1261c66ec3f7ec4e28
cutoff-3.9.1,a7621f8f7fa86a1261c66ec3f7ec4e28
cutoff-3.9.1,d74bb238c2c809d3768c86954d1d576e
cutoff-3.9.1,d74bb238c2c809d3768c86954d1d576e
cutoff-3.9.1,d74bb238c2c809d3768c86954d1d576e
cutoff-3.9.1,d74bb238c2c809d3768c86954d1d576e
cutoff-3.9.1,d74bb238c2c809d3768c86954d1d576e
cutoff-3.9.1,d74bb238c2c809d3768c86954d1d576e
cutoff-3.9.1,d324aeab28dcbaa4635f5ed8a617cd7f
cutoff-3.9.1,0594589c4612c7561b080361e5b9c0b8
cutoff-3.9.1,0594589c4612c7561b080361e5b9c0b8
cutoff-3.9.1,0594589c4612c7561b080361e5b9c0b8
cutoff-3.9.1,bd3a3818f60643fd78eccefa7b4390c1
cutoff-3.9.1,bd3a3818f60643fd78eccefa7b4390c1
cutoff-3.9.1,bd3a3818f60643fd78eccefa7b4390c1
cutoff-3.9.1,bd3a3818f60643fd78eccefa7b4390c1
cutoff-3.9.1,bd3a3818f60643fd78eccefa7b4390c1
cutoff-3.9.1,4bef3414c2a784b5e429d4489cd4053c
cutoff-3.9.1,4bef3414c2a784b5e429d4489cd4053c
cutoff-3.9.1,4bef3414c2a784b5e429d4489cd4053c
cutoff-3.9.1,4bef3414c2a784b5e429d4489cd4053c
cutoff-3.9.1,39d2e947b518f05a9ad0bff688676da6
cutoff-3.9.1,39d2e947b518f05a9ad0bff688676da6
cutoff-3.9.1,a2ad7e2da2ca0573e930ee81ecf809da
cutoff-3.9.1,5337f762d920a7c46d66d974002f935b
cutoff-3.9.1,5337f762d920a7c46d66d974002f935b
cutoff-3.9.1,5337f762d920a7c46d66d974002f935b
cutoff-3.9.1,5337f762d920a7c46d66d974002f935b
cutoff-3.9.1,f2ba9b92a2b538537c11e3e9960221c8
cutoff-3.9.1,f2ba9b92a2b538537c11e3e9960221c8
cutoff-3.9.1,31de3d57f50a3c9352f104dcd5bb52f7
cutoff-3.9.1,31de3d57f50a3c9352f104dcd5bb52f7
cutoff-3.9.1,31de3d57f50a3c9352f104dcd5bb52f7
cutoff-3.9.1,31de3d57f50a3c9352f104dcd5bb52f7
cutoff-3.9.1,f36892589470efa9b2e856c9e41a6fd7
cutoff-3.9.1,c3bedcebac04b5b65dddf73fe3da7405
cutoff-3.9.1,aa460d06ecc977ae4bb284e7d77bf1bc
cutoff-3.9.1,aa460d06ecc977ae4bb284e7d77bf1bc
cutoff-3.9.1,aa460d06ecc977ae4bb284e7d77bf1bc
cutoff-3.9.1,aa460d06ecc977ae4bb284e7d77bf1bc
cutoff-3.9.1,a089770f4fd156e4a167be4625b75437
cutoff-3.9.1,a089770f4fd156e4a167be4625b75437
cutoff-3.9.1,8e45bdf77270459884b0b9a20795e0a8
cutoff-3.9.1,8e45bdf77270459884b0b9a20795e0a8
cutoff-3.9.1,57c178984cb1d22b4525fbd56906b0c6
cutoff-3.9.1,57c178984cb1d22b4525fbd56906b0c6
cutoff-3.9.1,a74c4b4fcba44a29f808f55f837267e2
cutoff-3.9.1,a74c4b4fcba44a29f808f55f837267e2
cutoff-3.9.1,a74c4b4fcba44a29f808f55f837267e2
cutoff-3.9.1,7ec3453a19fbbc2ab0a2e99aace7635f
cutoff-3.9.1,7ec3453a19fbbc2ab0a2e99aace7635f
cutoff-3.9.1,7ec3453a19fbbc2ab0a2e99aace7635f
cutoff-3.9.1,7ec3453a19fbbc2ab0a2e99aace7635f
cutoff-3.9.1,7ec3453a19fbbc2ab0a2e99aace7635f
cutoff-3.9.1,d21f64083a414fa418b695de86044090
cutoff-3.9.1,d21f64083a414fa418b695de86044090
cutoff-3.9.1,b2891a096d2f1aec6defd2d7a6d8adcb
cutoff-3.9.1,b2891a096d2f1aec6defd2d7a6d8adcb
cutoff-3.9.1,b2891a096d2f1aec6defd2d7a6d8adcb
cutoff-3.9.1,b2891a096d2f1aec6defd2d7a6d8adcb
cutoff-3.9.1,b2891a096d2f1aec6defd2d7a6d8adcb
cutoff-3.9.1,b2891a096d2f1aec6defd2d7a6d8adcb
cutoff-3.9.1,b2891a096d2f1aec6defd2d7a6d8adcb
cutoff-3.9.1,b2891a096d2f1aec6defd2d7a6d8adcb
cutoff-3.9.1,ffa4308820ee99e0ed078d95d529d837
cutoff-3.9.1,ffa4308820ee99e0ed078d95d529d837
cutoff-3.9.1,ffa4308820ee99e0ed078d95d529d837
cutoff-3.9.1,ffa4308820ee99e0ed078d95d529d837
cutoff-3.9.1,ffa4308820ee99e0ed078d95d529d837
cutoff-3.9.1,ffa4308820ee99e0ed078d95d529d837
cutoff-3.9.1,ffa4308820ee99e0ed078d95d529d837
cutoff-3.9.1,ffa4308820ee99e0ed078d95d529d837
cutoff-3.9.1,ffa4308820ee99e0ed078d95d529d837
cutoff-3.9.1,ffa4308820ee99e0ed078d95d529d837
cutoff-3.9.1,ffa4308820ee99e0ed078d95d529d837
cutoff-3.9.1,ffa4308820ee99e0ed078d95d529d837
cutoff-3.9.1,ffa4308820ee99e0ed078d95d529d837
cutoff-3.9.1,ffa4308820ee99e0ed078d95d529d837
cutoff-3.9.1,ffa4308820ee99e0ed078d95d529d837
cutoff-3.9.1,ffa4308820ee99e0ed078d95d529d837
cutoff-3.9.1,2c88004ab650179378c4fc82f1dfafe6
cutoff-3.9.1,2c88004ab650179378c4fc82f1dfafe6
cutoff-3.9.1,2c88004ab650179378c4fc82f1dfafe6
cutoff-3.9.1,3db7ffce2c0c6db55e382d6c5cd55dd2
cutoff-3.9.1,3db7ffce2c0c6db55e382d6c5cd55dd2
cutoff-3.9.1,02485cef82fc3eac5b0396a3d6858d77
cutoff-3.9.1,5468040eda7cb574bb395c6e51431245
cutoff-3.9.1,5468040eda7cb574bb395c6e51431245
cutoff-3.9.1,d494c559a0b02bfa5a7e4bcf08d528b5
cutoff-3.9.1,d494c559a0b02bfa5a7e4bcf08d528b5
cutoff-3.9.1,d494c559a0b02bfa5a7e4bcf08d528b5
cutoff-3.9.1,d494c559a0b02bfa5a7e4bcf08d528b5
cutoff-3.9.1,d494c559a0b02bfa5a7e4bcf08d528b5
cutoff-3.9.1,070956b5fe5d1e0aa266252e86bee1c4
cutoff-3.9.1,070956b5fe5d1e0aa266252e86bee1c4
cutoff-3.9.1,9568d807470b03c4ff12ce01b948061a
cutoff-3.9.1,9568d807470b03c4ff12ce01b948061a
cutoff-3.9.1,9568d807470b03c4ff12ce01b948061a
cutoff-3.9.1,5efd4061851b2bd322f17830fee57dff
cutoff-3.9.1,d1b08d3717f43de36c6d91f3557f7082
cutoff-3.9.1,f832655dc0832720a69116549421ae1b
cutoff-3.9.1,f832655dc0832720a69116549421ae1b
cutoff-3.9.1,55876088ce7c49e7f54a56ec1255ee78
cutoff-3.9.1,55876088ce7c49e7f54a56ec1255ee78
cutoff-3.9.1,55876088ce7c49e7f54a56ec1255ee78
cutoff-3.9.1,55876088ce7c49e7f54a56ec1255ee78
cutoff-3.9.1,55876088ce7c49e7f54a56ec1255ee78
cutoff-3.9.1,26cadae10e1504ad6351d8131e79af11
cutoff-3.9.1,26cadae10e1504ad6351d8131e79af11
cutoff-3.9.1,5fda318fb5208f47965f2ffe29549a38
cutoff-3.9.1,5fda318fb5208f47965f2ffe29549a38
cutoff-3.9.1,5fda318fb5208f47965f2ffe29549a38
cutoff-3.9.1,5fda318fb5208f47965f2ffe29549a38
cutoff-3.9.1,d872e0d78319cb13e12b96de83e19dd7
cutoff-3.9.1,d872e0d78319cb13e12b96de83e19dd7
cutoff-3.9.1,d872e0d78319cb13e12b96de83e19dd7
cutoff-3.9.1,d872e0d78319cb13e12b96de83e19dd7
cutoff-3.9.1,a81ce0e882f1b0ef617462fc8e7472e4
cutoff-3.9.1,a81ce0e882f1b0ef617462fc8e7472e4
cutoff-3.9.1,a81ce0e882f1b0ef617462fc8e7472e4
cutoff-3.9.1,a81ce0e882f1b0ef617462fc8e7472e4
cutoff-3.9.1,a364ea53a151f26416768c826bbb5dd8
cutoff-3.9.1,a364ea53a151f26416768c826bbb5dd8
cutoff-3.9.1,587de926b32b3b40d8dc089c6746f917
cutoff-3.9.1,587de926b32b3b40d8dc089c6746f917
cutoff-3.9.1,587de926b32b3b40d8dc089c6746f917
cutoff-3.9.1,ac2706c6e4646657d24f5b7b841bdde2
cutoff-3.9.1,ac2706c6e4646657d24f5b7b841bdde2
cutoff-3.9.1,ac2706c6e4646657d24f5b7b841bdde2
cutoff-3.9.1,ac2706c6e4646657d24f5b7b841bdde2
cutoff-3.9.1,ac2706c6e4646657d24f5b7b841bdde2
cutoff-3.9.1,ac2706c6e4646657d24f5b7b841bdde2
cutoff-3.9.1,ac2706c6e4646657d24f5b7b841bdde2
cutoff-3.9.1,2bd85bf63679cd636f2ffe04f77cff3d
cutoff-3.9.1,2bd85bf63679cd636f2ffe04f77cff3d
cutoff-3.9.1,51dc542852cdf4936e695c977a72f9fa
cutoff-3.9.1,51dc542852cdf4936e695c977a72f9fa
cutoff-3.9.1,1797084694541cd7dcf3de5522d49c23
cutoff-3.9.1,1797084694541cd7dcf3de5522d49c23
cutoff-3.9.1,1797084694541cd7dcf3de5522d49c23
cutoff-3.9.1,1797084694541cd7dcf3de5522d49c23
cutoff-3.9.1,72f0fb1669cc82aed89e97ac2d612d0b
cutoff-3.9.1,72f0fb1669cc82aed89e97ac2d612d0b
cutoff-3.9.1,72f0fb1669cc82aed89e97ac2d612d0b
cutoff-3.9.1,72f0fb1669cc82aed89e97ac2d612d0b
cutoff-3.9.1,72f0fb1669cc82aed89e97ac2d612d0b
cutoff-3.9.1,72f0fb1669cc82aed89e97ac2d612d0b
cutoff-3.9.1,72f0fb1669cc82aed89e97ac2d612d0b
cutoff-3.9.1,72f0fb1669cc82aed89e97ac2d612d0b
cutoff-3.9.1,49e550d28bda969c98f1080c036da524
cutoff-3.9.1,a309624068522e73107aef09fc7aca59
cutoff-3.9.1,a309624068522e73107aef09fc7aca59
cutoff-3.9.1,a309624068522e73107aef09fc7aca59
cutoff-3.9.1,a309624068522e73107aef09fc7aca59
cutoff-3.9.1,a309624068522e73107aef09fc7aca59
cutoff-3.9.1,a309624068522e73107aef09fc7aca59
cutoff-3.9.1,a309624068522e73107aef09fc7aca59
cutoff-3.9.1,a309624068522e73107aef09fc7aca59
cutoff-3.9.1,a309624068522e73107aef09fc7aca59
cutoff-3.9.1,35e9cb4f110b79314205e792b1625f01
cutoff-3.9.1,35e9cb4f110b79314205e792b1625f01
cutoff-3.9.1,5f5a3176d13f86fbfb975cf848bc2178
cutoff-3.9.1,c336c9036ef5990c91dc9ba8215a7017
cutoff-3.9.1,c336c9036ef5990c91dc9ba8215a7017
cutoff-3.9.1,c336c9036ef5990c91dc9ba8215a7017
cutoff-3.9.1,2a47d1f45c6b5a6410f707b7330d442e
cutoff-3.9.1,2a47d1f45c6b5a6410f707b7330d442e
cutoff-3.9.1,a99af6e7d3af28b3355e3948d494acd3
cutoff-3.9.1,a99af6e7d3af28b3355e3948d494acd3
cutoff-3.9.1,a99af6e7d3af28b3355e3948d494acd3
cutoff-3.9.1,029d2cfe61982b8c750ce5f73e107f5e
cutoff-3.9.1,029d2cfe61982b8c750ce5f73e107f5e
cutoff-3.9.1,034d12346b079fcbe07fcee5c4e92284
cutoff-3.9.1,034d12346b079fcbe07fcee5c4e92284
cutoff-3.9.1,034d12346b079fcbe07fcee5c4e92284
cutoff-3.9.1,034d12346b079fcbe07fcee5c4e92284
cutoff-3.9.1,9944c6a75c100d4cc34532a9a1c3e888
cutoff-3.9.1,9944c6a75c100d4cc34532a9a1c3e888
cutoff-3.9.1,22e3e60d3bcd40ec34db8407408e1e31
cutoff-3.9.1,22e3e60d3bcd40ec34db8407408e1e31
cutoff-3.9.1,22e3e60d3bcd40ec34db8407408e1e31
cutoff-3.9.1,22e3e60d3bcd40ec34db8407408e1e31
cutoff-3.9.1,22e3e60d3bcd40ec34db8407408e1e31
cutoff-3.9.1,af1b9da369e14cc9f20170a17290ac5d
cutoff-3.9.1,af1b9da369e14cc9f20170a17290ac5d
cutoff-3.9.1,af1b9da369e14cc9f20170a17290ac5d
cutoff-3.9.1,c160b5b22f6d3fcbbe2976eb06cf6b15
cutoff-3.9.1,c160b5b22f6d3fcbbe2976eb06cf6b15
cutoff-3.9.1,1195d3b8b19d134eb68273fe286908d4
cutoff-3.9.1,1195d3b8b19d134eb68273fe286908d4
cutoff-3.9.1,1195d3b8b19d134eb68273fe286908d4
cutoff-3.9.1,1195d3b8b19d134eb68273fe286908d4
cutoff-3.9.1,8c533000f0930a8bd674095041d96d69
cutoff-3.9.1,34b3d1c97e5c435cc7675764163c5668
cutoff-3.9.1,34b3d1c97e5c435cc7675764163c5668
cutoff-3.9.1,b99d6f6edb394b102655286feae3e8f0
cutoff-3.9.1,1d51330b85c90f35362fb37b9b1c0fd7
cutoff-3.9.1,07a3fbcea5cf43edd04cc6648a84ab74
cutoff-3.9.1,07a3fbcea5cf43edd04cc6648a84ab74
cutoff-3.9.1,5766f58f041d029209079a98b513b331
cutoff-3.9.1,5766f58f041d029209079a98b513b331
cutoff-3.9.1,5766f58f041d029209079a98b513b331
cutoff-3.9.1,5766f58f041d029209079a98b513b331
cutoff-3.9.1,a5c5d857d9378026adb6488d646e3ecf
cutoff-3.9.1,a5c5d857d9378026adb6488d646e3ecf
cutoff-3.9.1,a5c5d857d9378026adb6488d646e3ecf
cutoff-3.9.1,a5c5d857d9378026adb6488d646e3ecf
cutoff-3.9.1,a5c5d857d9378026adb6488d646e3ecf
cutoff-3.9.1,a5c5d857d9378026adb6488d646e3ecf
cutoff-3.9.1,5c131f9461706b86395e67c08bd23185
cutoff-3.9.1,5c131f9461706b86395e67c08bd23185
cutoff-3.9.1,20b23c65021ab7ffe5b639162170cbe9
cutoff-3.9.1,20b23c65021ab7ffe5b639162170cbe9
cutoff-3.9.1,a133f0dc517dbc09325c8432f664f4d9
cutoff-3.9.1,a133f0dc517dbc09325c8432f664f4d9
cutoff-3.9.1,a133f0dc517dbc09325c8432f664f4d9
cutoff-3.9.1,90a69e85db9358f0f0db1d4fafbe847a
cutoff-3.9.1,c8e94b81820ce5ab23efdf205e15cc04
cutoff-3.9.1,c8e94b81820ce5ab23efdf205e15cc04
cutoff-3.9.1,a00da55ec426b4f1743ae9908d383ca4
cutoff-3.9.1,a00da55ec426b4f1743ae9908d383ca4
cutoff-3.9.1,a00da55ec426b4f1743ae9908d383ca4
cutoff-3.9.1,d3c263b6fd10ccd4cb97c483c0627303
cutoff-3.9.1,d3c263b6fd10ccd4cb97c483c0627303
cutoff-3.9.1,d3c263b6fd10ccd4cb97c483c0627303
cutoff-3.9.1,d3c263b6fd10ccd4cb97c483c0627303
cutoff-3.9.1,d3c263b6fd10ccd4cb97c483c0627303
cutoff-3.9.1,092939308f558fa5308f5dc1d9f34451
cutoff-3.9.1,092939308f558fa5308f5dc1d9f34451
cutoff-3.9.1,56c0ad9c881ff7f0b4d9dac4e8606dc5
cutoff-3.9.1,56c0ad9c881ff7f0b4d9dac4e8606dc5
cutoff-3.9.1,8d3cf8074ca097a7e2d9d9aed8cad13a
cutoff-3.9.1,e52d575fead7de57834b0b2dfc9b4d5e
cutoff-3.9.1,e52d575fead7de57834b0b2dfc9b4d5e
cutoff-3.9.1,2208a0c5557ed5d66058f1c8d6e87906
cutoff-3.9.1,2208a0c5557ed5d66058f1c8d6e87906
cutoff-3.9.1,f2324bfb8e5e1263effd6828b14a76b1
cutoff-3.9.1,f2324bfb8e5e1263effd6828b14a76b1
cutoff-3.9.1,1373b63314d03c42313a372bca1bd648
cutoff-3.9.1,1373b63314d03c42313a372bca1bd648
cutoff-3.9.1,d25c8e0755ee9899fb4e892990397a68
cutoff-3.9.1,d25c8e0755ee9899fb4e892990397a68
cutoff-3.9.1,d25c8e0755ee9899fb4e892990397a68
cutoff-3.9.1,d25c8e0755ee9899fb4e892990397a68
cutoff-3.9.1,e66643df85bd4e5955bbcaef947b4881
cutoff-3.9.1,e66643df85bd4e5955bbcaef947b4881
cutoff-3.9.1,e66643df85bd4e5955bbcaef947b4881
cutoff-3.9.1,e66643df85bd4e5955bbcaef947b4881
cutoff-3.9.1,18059b9b1d545be7906d59d8de0d105e
cutoff-3.9.1,b613a0e604fce45d4146006a310d2872
cutoff-3.9.1,b613a0e604fce45d4146006a310d2872
cutoff-3.9.1,b613a0e604fce45d4146006a310d2872
cutoff-3.9.1,b613a0e604fce45d4146006a310d2872
cutoff-3.9.1,b613a0e604fce45d4146006a310d2872
cutoff-3.9.1,b613a0e604fce45d4146006a310d2872
cutoff-3.9.1,b613a0e604fce45d4146006a310d2872
cutoff-3.9.1,b613a0e604fce45d4146006a310d2872
cutoff-3.9.1,b613a0e604fce45d4146006a310d2872
cutoff-3.9.1,7b1c78870de54bd3dd8e2c44e512eea2
cutoff-3.9.1,7b1c78870de54bd3dd8e2c44e512eea2
cutoff-3.9.1,7b1c78870de54bd3dd8e2c44e512eea2
cutoff-3.9.1,7b1c78870de54bd3dd8e2c44e512eea2
cutoff-3.9.1,7b1c78870de54bd3dd8e2c44e512eea2
cutoff-3.9.1,7b1c78870de54bd3dd8e2c44e512eea2
cutoff-3.9.1,7b1c78870de54bd3dd8e2c44e512eea2
cutoff-3.9.1,97db154ff9d2fbfec42b0c42cc9d3ad5
cutoff-3.9.1,97db154ff9d2fbfec42b0c42cc9d3ad5
cutoff-3.9.1,4abe56e4b513b7b989da32e36f43b839
cutoff-3.9.1,4abe56e4b513b7b989da32e36f43b839
cutoff-3.9.1,771a7da56e565a23b2fcb1762e9db20c
cutoff-3.9.1,771a7da56e565a23b2fcb1762e9db20c
cutoff-3.9.1,771a7da56e565a23b2fcb1762e9db20c
cutoff-3.9.1,771a7da56e565a23b2fcb1762e9db20c
cutoff-3.9.1,9dd857c4552aa90cb27ef98361a14b30
cutoff-3.9.1,74fe70d3c35f0929de787157aff7cc01
cutoff-3.9.1,f2eb22ba9826aef0fd491d2d1ab13cc5
cutoff-3.9.1,f2eb22ba9826aef0fd491d2d1ab13cc5
cutoff-3.9.1,8778def49ea8b7165ff31a4ab11941f1
cutoff-3.9.1,8778def49ea8b7165ff31a4ab11941f1
cutoff-3.9.1,8778def49ea8b7165ff31a4ab11941f1
cutoff-3.9.1,8778def49ea8b7165ff31a4ab11941f1
cutoff-3.9.1,8778def49ea8b7165ff31a4ab11941f1
cutoff-3.9.1,11a252f4506e7a68b98e220ee64ffeea
cutoff-3.9.1,f1e17b3ea94b57770f72b4dadfc1f208
cutoff-3.9.1,f1e17b3ea94b57770f72b4dadfc1f208
cutoff-3.9.1,f1e17b3ea94b57770f72b4dadfc1f208
cutoff-3.9.1,f1e17b3ea94b57770f72b4dadfc1f208
cutoff-3.9.1,f1e17b3ea94b57770f72b4dadfc1f208
cutoff-3.9.1,f1e17b3ea94b57770f72b4dadfc1f208
cutoff-3.9.1,f1e17b3ea94b57770f72b4dadfc1f208
cutoff-3.9.1,45fef9b4da04dbafc0163ee22a5bcc58
cutoff-3.9.1,45fef9b4da04dbafc0163ee22a5bcc58
cutoff-3.9.1,03c0371b2d6143b9b1f74328caec3fc9
cutoff-3.9.1,03c0371b2d6143b9b1f74328caec3fc9
cutoff-3.9.1,2d91769e44a298a832ab2c20ae8fd5d0
cutoff-3.9.1,2d91769e44a298a832ab2c20ae8fd5d0
cutoff-3.9.1,dc09e873511cee5a8d598b41b566e743
cutoff-3.9.1,dc09e873511cee5a8d598b41b566e743
cutoff-3.9.1,e8e14740310e72ab8a8648f33c34b85e
cutoff-3.9.1,82ea1e2f9d6e77520740508c6ee4a646
cutoff-3.9.1,82ea1e2f9d6e77520740508c6ee4a646
cutoff-3.9.1,82ea1e2f9d6e77520740508c6ee4a646
cutoff-3.9.1,82ea1e2f9d6e77520740508c6ee4a646
cutoff-3.9.1,82ea1e2f9d6e77520740508c6ee4a646
cutoff-3.9.1,82ea1e2f9d6e77520740508c6ee4a646
cutoff-3.9.1,82ea1e2f9d6e77520740508c6ee4a646
cutoff-3.9.1,82ea1e2f9d6e77520740508c6ee4a646
cutoff-3.9.1,82ea1e2f9d6e77520740508c6ee4a646
cutoff-3.9.1,c18dfefdc195129419036bb99d2dddc9
cutoff-3.9.1,ecac41260ab014c7260610565e47f3e3
cutoff-3.9.1,0429b0fd8aade8c04c7c72bfa1fc22eb
cutoff-3.9.1,9872d5c0f71c7f2704ad28f0261b0205
cutoff-3.9.1,9872d5c0f71c7f2704ad28f0261b0205
cutoff-3.9.1,7c7ff5122b262efab85f1328e367fcca
cutoff-3.9.1,7c7ff5122b262efab85f1328e367fcca
cutoff-3.9.1,561225a80968260055e5ae92cd921941
cutoff-3.9.1,561225a80968260055e5ae92cd921941
cutoff-3.9.1,2e585b72b61f60b7425badee010955e3
cutoff-3.9.1,9c9c2a22b1e3c1745410715cc4a9ddb6
cutoff-3.9.1,9c9c2a22b1e3c1745410715cc4a9ddb6
cutoff-3.9.1,9c9c2a22b1e3c1745410715cc4a9ddb6
cutoff-3.9.1,9c9c2a22b1e3c1745410715cc4a9ddb6
cutoff-3.9.1,953e2d91354883afebbd5247b70a99b2
cutoff-3.9.1,07eb50e05fbefe262d709aaee91728fb
cutoff-3.9.1,322d6a42eb374023b4eda4b77ba9aa2e
cutoff-3.9.1,322d6a42eb374023b4eda4b77ba9aa2e
cutoff-3.9.1,936f2245a17e2b37fb8c860e07ab5589
cutoff-3.9.1,936f2245a17e2b37fb8c860e07ab5589
cutoff-3.9.1,936f2245a17e2b37fb8c860e07ab5589
cutoff-3.9.1,936f2245a17e2b37fb8c860e07ab5589
cutoff-3.9.1,936f2245a17e2b37fb8c860e07ab5589
cutoff-3.9.1,936f2245a17e2b37fb8c860e07ab5589
cutoff-3.9.1,366bbbd1d53d2b3c3bb302c30d62500f
cutoff-3.9.1,366bbbd1d53d2b3c3bb302c30d62500f
cutoff-3.9.1,c22f39b50462732b64d34cfdf2134a87
cutoff-3.9.1,c22f39b50462732b64d34cfdf2134a87
cutoff-3.9.1,c22f39b50462732b64d34cfdf2134a87
cutoff-3.9.1,c22f39b50462732b64d34cfdf2134a87
cutoff-3.9.1,c22f39b50462732b64d34cfdf2134a87
cutoff-3.9.1,5e70709bd71d55c88527de46f7267aff
cutoff-3.9.1,30b0538497c23b3bfbea223bfd4fb84e
cutoff-3.9.1,34d889a7cde821a5d35f1bcf5511d5c6
cutoff-3.9.1,6ec4c82b36d02dd5aa8d41e385a7bf50
cutoff-3.9.1,6ec4c82b36d02dd5aa8d41e385a7bf50
cutoff-3.9.1,6ec4c82b36d02dd5aa8d41e385a7bf50
cutoff-3.9.1,6ec4c82b36d02dd5aa8d41e385a7bf50
cutoff-3.9.1,a0bd454544d5b0919de48edec5c458e7
cutoff-3.9.1,524dc795a66c81766cc40245255a9836
cutoff-3.9.1,524dc795a66c81766cc40245255a9836
cutoff-3.9.1,524dc795a66c81766cc40245255a9836
cutoff-3.9.1,524dc795a66c81766cc40245255a9836
cutoff-3.9.1,524dc795a66c81766cc40245255a9836
cutoff-3.9.1,524dc795a66c81766cc40245255a9836
cutoff-3.9.1,bfd251e71a53dcf36900ff452006f7e6
cutoff-3.9.1,bfd251e71a53dcf36900ff452006f7e6
cutoff-3.9.1,bfd251e71a53dcf36900ff452006f7e6
cutoff-3.9.1,bfd251e71a53dcf36900ff452006f7e6
cutoff-3.9.1,c4fe63b2bf588dd6cd7510c09a049eba
cutoff-3.9.1,c4fe63b2bf588dd6cd7510c09a049eba
cutoff-3.9.1,42a61e857fd4c66720774d60a3c09424
cutoff-3.9.1,42a61e857fd4c66720774d60a3c09424
cutoff-3.9.1,42a61e857fd4c66720774d60a3c09424
cutoff-3.9.1,42a61e857fd4c66720774d60a3c09424
cutoff-3.9.1,a7183cd604664000cfec66d1657668b1
cutoff-3.9.1,5c8ec981ef841cb9b6e35f167cc4e308
cutoff-3.9.1,5c8ec981ef841cb9b6e35f167cc4e308
cutoff-3.9.1,7d76813f959a0937465cc7fa54755305
cutoff-3.9.1,7d76813f959a0937465cc7fa54755305
cutoff-3.9.1,846e6df218567bf257f542dac9f3c6f7
cutoff-3.9.1,846e6df218567bf257f542dac9f3c6f7
cutoff-3.9.1,476b68dc744251f288055e5ce8264feb
cutoff-3.9.1,476b68dc744251f288055e5ce8264feb
cutoff-3.9.1,476b68dc744251f288055e5ce8264feb
cutoff-3.9.1,476b68dc744251f288055e5ce8264feb
cutoff-3.9.1,476b68dc744251f288055e5ce8264feb
cutoff-3.9.1,476b68dc744251f288055e5ce8264feb
cutoff-3.9.1,476b68dc744251f288055e5ce8264feb
cutoff-3.9.1,476b68dc744251f288055e5ce8264feb
cutoff-3.9.1,476b68dc744251f288055e5ce8264feb
cutoff-3.9.1,476b68dc744251f288055e5ce8264feb
cutoff-3.9.1,476b68dc744251f288055e5ce8264feb
cutoff-3.9.1,476b68dc744251f288055e5ce8264feb
cutoff-3.9.1,476b68dc744251f288055e5ce8264feb
cutoff-3.9.1,476b68dc744251f288055e5ce8264feb
cutoff-3.9.1,476b68dc744251f288055e5ce8264feb
cutoff-3.9.1,476b68dc744251f288055e5ce8264feb
cutoff-3.9.1,476b68dc744251f288055e5ce8264feb
cutoff-3.9.1,476b68dc744251f288055e5ce8264feb
cutoff-3.9.1,476b68dc744251f288055e5ce8264feb
cutoff-3.9.1,4c1696be0f1e44618e85e1dcbffcf6a4
cutoff-3.9.1,4c1696be0f1e44618e85e1dcbffcf6a4
cutoff-3.9.1,9fe94e549ae2582efa46129959256f82
cutoff-3.9.1,9fe94e549ae2582efa46129959256f82
cutoff-3.9.1,ada90ee67404bf983308745662d6b6ba
cutoff-3.9.1,ada90ee67404bf983308745662d6b6ba
cutoff-3.9.1,4515b897230bf5a672ab547a9b655c41
cutoff-3.9.1,4515b897230bf5a672ab547a9b655c41
cutoff-3.9.1,4515b897230bf5a672ab547a9b655c41
cutoff-3.9.1,4515b897230bf5a672ab547a9b655c41
cutoff-3.9.1,4515b897230bf5a672ab547a9b655c41
cutoff-3.9.1,4515b897230bf5a672ab547a9b655c41
cutoff-3.9.1,4aa647728332f25a2a4613bc060c7d90
cutoff-3.9.1,4aa647728332f25a2a4613bc060c7d90
cutoff-3.9.1,281625e63927cb528d9ed3d9333b6e4c
cutoff-3.9.1,cd7eefd30c06db110bc9b2dc6f025cb1
cutoff-3.9.1,d1990e5101bf995514022e256a256d8f
cutoff-3.9.1,d1990e5101bf995514022e256a256d8f
cutoff-3.9.1,510f6e017731c9d64259a7e2bc0b5f7c
cutoff-3.9.1,046825e995ab5e6bb9f3ebf0ed7b0274
cutoff-3.9.1,046825e995ab5e6bb9f3ebf0ed7b0274
cutoff-3.9.1,e5ccceae1f1eda69ad741cea2d13cc61
cutoff-3.9.1,e5ccceae1f1eda69ad741cea2d13cc61
cutoff-3.9.1,bd2e3688e5249cf806c0dd3116673b0b
cutoff-3.9.1,85188ac6f8ce0edf06a9d7dd2623893f
cutoff-3.9.1,85188ac6f8ce0edf06a9d7dd2623893f
cutoff-3.9.1,29a895088bec92457e17df3cf630a516
cutoff-3.9.1,29a895088bec92457e17df3cf630a516
cutoff-3.9.1,29a895088bec92457e17df3cf630a516
cutoff-3.9.1,29a895088bec92457e17df3cf630a516
cutoff-3.9.1,0c02fccd63475e8f7e6b9627f34c00bc
cutoff-3.9.1,411b96c3a83a50fcd638438fedf7c5e1
cutoff-3.9.1,411b96c3a83a50fcd638438fedf7c5e1
cutoff-3.9.1,66baa28cd0b209ceeff69c29325ea3d4
cutoff-3.9.1,66baa28cd0b209ceeff69c29325ea3d4
cutoff-3.9.1,870d52846764c97f3173ace2197e6ae2
cutoff-3.9.1,39c958f54f31dfed1e4b0b6093ff47fd
cutoff-3.9.1,39c958f54f31dfed1e4b0b6093ff47fd
cutoff-3.9.1,f582a668d2727848de6dd4e4b1d6e6fe
cutoff-3.9.1,f582a668d2727848de6dd4e4b1d6e6fe
cutoff-3.9.1,f582a668d2727848de6dd4e4b1d6e6fe
cutoff-3.9.1,f582a668d2727848de6dd4e4b1d6e6fe
cutoff-3.9.1,f582a668d2727848de6dd4e4b1d6e6fe
cutoff-3.9.1,8af84dac53c5db645dab796296af57e6
cutoff-3.9.1,7fc624aeec8ae8e6134d9cf685d1ed23
cutoff-3.9.1,7fc624aeec8ae8e6134d9cf685d1ed23
cutoff-3.9.1,ee5ef4d0712864b328e6fd186cca64fc
cutoff-3.9.1,8b341148e4fb85da18b93a24e12eabfd
cutoff-3.9.1,a7026b77c1d6ae96f99b82ec32be7612
cutoff-3.9.1,a7026b77c1d6ae96f99b82ec32be7612
cutoff-3.9.1,a7026b77c1d6ae96f99b82ec32be7612
cutoff-3.9.1,a7026b77c1d6ae96f99b82ec32be7612
cutoff-3.9.1,a7026b77c1d6ae96f99b82ec32be7612
cutoff-3.9.1,21890830df39269d4a8135f99899b929
cutoff-3.9.1,21890830df39269d4a8135f99899b929
cutoff-3.9.1,59e551f337bff8f8d7578bcd0c48472e
cutoff-3.9.1,773e99a5f47e2c4d04b29e4009bcf29a
cutoff-3.9.1,773e99a5f47e2c4d04b29e4009bcf29a
cutoff-3.9.1,baac284f73b4191c2861183e74135227
cutoff-3.9.1,ea4f1bd3e96f88c66403a145edfaaf4f
cutoff-3.9.1,42c314295fcead0dafef17c4346c45d8
cutoff-3.9.1,42c314295fcead0dafef17c4346c45d8
cutoff-3.9.1,8bf67e823d7c417fc6bb4f8b464537a4
cutoff-3.9.1,8bf67e823d7c417fc6bb4f8b464537a4
cutoff-3.9.1,7a518eeeb6b31552a0eb2ce57fde9b15
cutoff-3.9.1,3933e1727cffbfaf57e071eb7fd9ae73
cutoff-3.9.1,3933e1727cffbfaf57e071eb7fd9ae73
cutoff-3.9.1,3933e1727cffbfaf57e071eb7fd9ae73
cutoff-3.9.1,3933e1727cffbfaf57e071eb7fd9ae73
cutoff-3.9.1,3933e1727cffbfaf57e071eb7fd9ae73
cutoff-3.9.1,3933e1727cffbfaf57e071eb7fd9ae73
cutoff-3.9.1,3933e1727cffbfaf57e071eb7fd9ae73
cutoff-3.9.1,a505e48bcaead8795187ee0460bf1723
cutoff-3.9.1,a505e48bcaead8795187ee0460bf1723
cutoff-3.9.1,a505e48bcaead8795187ee0460bf1723
cutoff-3.9.1,a505e48bcaead8795187ee0460bf1723
cutoff-3.9.1,172190d48ccdc5f567138ddafc2277f7
cutoff-3.9.1,172190d48ccdc5f567138ddafc2277f7
cutoff-3.9.1,6930ff77bfa2290e71460c4373bc8d17
cutoff-3.9.1,2f60adaaff5d0cef91add9d6830dc978
cutoff-3.9.1,906119ef526cfb1c3d88757f685884e2
cutoff-3.9.1,5e6eb11a36779ca8260536862517b2ce
cutoff-3.9.1,5e6eb11a36779ca8260536862517b2ce
cutoff-3.9.1,5e6eb11a36779ca8260536862517b2ce
cutoff-3.9.1,5e6eb11a36779ca8260536862517b2ce
cutoff-3.9.1,6fcaa96373f9a51ae9230304fda23907
cutoff-3.9.1,6fcaa96373f9a51ae9230304fda23907
cutoff-3.9.1,4cef3fdb710878f483dea66ca8e37669
cutoff-3.9.1,4cef3fdb710878f483dea66ca8e37669
cutoff-3.9.1,4cef3fdb710878f483dea66ca8e37669
cutoff-3.9.1,4cef3fdb710878f483dea66ca8e37669
cutoff-3.9.1,fb5e87faac73a0e194028e486c862ef1
cutoff-3.9.1,fb5e87faac73a0e194028e486c862ef1
cutoff-3.9.1,28935f104f1885d372147180f14d85c1
cutoff-3.9.1,ea6abbaf88ef2d864d3f663041ca20b1
cutoff-3.9.1,ea6abbaf88ef2d864d3f663041ca20b1
cutoff-3.9.1,ea6abbaf88ef2d864d3f663041ca20b1
cutoff-3.9.1,ea6abbaf88ef2d864d3f663041ca20b1
cutoff-3.9.1,6837a0e11357c94c5b5e92fa95f9e7e7
cutoff-3.9.1,6837a0e11357c94c5b5e92fa95f9e7e7
cutoff-3.9.1,07d56bfcebb24751d02af52793eb8a3c
cutoff-3.9.1,07d56bfcebb24751d02af52793eb8a3c
cutoff-3.9.1,71429e18741eed8b5c7edd16e711d618
cutoff-3.9.1,71429e18741eed8b5c7edd16e711d618
cutoff-3.9.1,71429e18741eed8b5c7edd16e711d618
cutoff-3.9.1,71429e18741eed8b5c7edd16e711d618
cutoff-3.9.1,71429e18741eed8b5c7edd16e711d618
cutoff-3.9.1,1e34b956b6b301cfc033e82904fbb4f5
cutoff-3.9.1,485c39270d3568d82b9b61e9823b4978
cutoff-3.9.1,a748e6a040a5b42842e84285b4872da0
cutoff-3.9.1,a748e6a040a5b42842e84285b4872da0
cutoff-3.9.1,67dd9a3a2ec746c20a7116b4f80638c6
cutoff-3.9.1,67dd9a3a2ec746c20a7116b4f80638c6
cutoff-3.9.1,67dd9a3a2ec746c20a7116b4f80638c6
cutoff-3.9.1,67dd9a3a2ec746c20a7116b4f80638c6
cutoff-3.9.1,fd558441fc3d04fe59887ab30ce51119
cutoff-3.9.1,fd558441fc3d04fe59887ab30ce51119
cutoff-3.9.1,fd558441fc3d04fe59887ab30ce51119
cutoff-3.9.1,fd558441fc3d04fe59887ab30ce51119
cutoff-3.9.1,6f61d8326ee98b75ab4136e87d0844c6
cutoff-3.9.1,6f61d8326ee98b75ab4136e87d0844c6
cutoff-3.9.1,4b56f01132e02f09269b16280409edf4
cutoff-3.9.1,843cf854d71429d3a3058084ac5431d4
cutoff-3.9.1,843cf854d71429d3a3058084ac5431d4
cutoff-3.9.1,9d6cf165dcfbf5c5ad0216704687a929
cutoff-3.9.1,f93936e6321c0d7297da291f6744358d
cutoff-3.9.1,c7f3bae1aaedc48358618166c491a307
cutoff-3.9.1,4b1ee6bee229aa047fbea6b35ecf102d
cutoff-3.9.1,9eeb0b0de8980074b490a694ee8c0b5b
cutoff-3.9.1,9eeb0b0de8980074b490a694ee8c0b5b
cutoff-3.9.1,70092ed4981c01849e5f88535a2ce228
cutoff-3.9.1,8407b840aeea780af512a1c264336d0e
cutoff-3.9.1,3a93c3dd6b53c27f61d152deb95d0301
cutoff-3.9.1,d19c9bb495e5fef554a8d8e57863f791
cutoff-3.9.1,b1670b467263ece00c7b7cba55cc85f0
cutoff-3.9.1,8b62f30ed586a5f23611ef196cc97b93
cutoff-3.9.1,8b62f30ed586a5f23611ef196cc97b93
cutoff-3.9.1,8b62f30ed586a5f23611ef196cc97b93
cutoff-3.9.1,1676ebe0c5b2dbbd771d7fc6c1baa1c4
cutoff-3.9.1,b6f1682a9b26383290e4b262b4d4f090
cutoff-3.9.1,b6f1682a9b26383290e4b262b4d4f090
cutoff-3.9.1,44032cfead0bec8f8f01c4303ee2aa2c
cutoff-3.9.1,f6e9a7f4532730ae558eb33746d995fd
